9744
7981
1952
1593
3475
7462
8632
8237
4909
5911
3544
5573
9649
364
143
9300
107
6873
9287
1931
2940
8821
1164
511
9737
2708
7144
5972
1230
7872
9279
2069
7482
2552
3190
175
6286
8497
7753
5226
2376
1235
5633
1983
3147
6138
5538
1897
4987
9011
9552
2864
6386
4429
6585
5623
1325
7687
1692
8926
1539
1461
1694
3691
9801
9091
7285
904
5367
5490
6691
2144
3121
9364
265
3951
4774
9377
126
1347
4211
3589
6347
9558
3271
3523
2659
9714
9119
5033
1204
4556
1376
9289
9492
1609
1561
4325
8281
1528
2244
1885
2612
4879
7212
1790
6515
3120
4156
1324
6261
8331
5717
2283
4729
7642
8043
5677
4462
1944
9309
1202
9599
3697
5274
3907
5336
7202
6258
602
3781
6741
3576
945
6860
7976
1508
8239
3756
4706
4933
7358
5569
3539
7221
5525
6480
2025
1457
3632
5063
688
4708
5742
2
2151
1220
5465
7616
2013
6482
8828
7721
9135
7097
3592
8335
8325
5907
5199
3738
5649
2622
8817
1902
957
1565
9771
3856
3345
1525
1396
3006
5632
8059
9323
9682
4858
967
5353
8340
9312
6199
535
5866
2201
9608
7397
3057
2616
5163
229
5269
9987
8839
8030
9101
9691
8793
4265
6046
702
9849
2090
3314
5388
9814
4459
5369
8555
3622
8552
9759
8417
2472
2715
8548
1982
9535
6135
453
6732
4374
3254
6340
4617
298
9876
8950
4736
374
4122
3029
231
4000
8478
4364
7959
2880
3060
1416
4227
4577
7703
9223
7702
2763
8072
4840
3268
9592
7772
2729
4850
1405
5847
3587
2465
3338
7264
6771
673
3647
1372
61
9671
2993
8635
8094
9825
908
206
2631
3204
4069
7261
5114
6187
1856
1630
8279
250
8419
2395
117
709
3532
8976
162
5419
3971
9739
4187
6825
4349
7658
2409
734
2211
2193
5705
3307
1463
4791
9409
8368
5955
1161
632
4754
5806
2712
3364
5069
1844
2943
2190
8720
2436
2758
3740
46
2819
4083
3908
437
1728
6513
2206
26
4689
7960
8697
363
6767
4466
5440
2046
6422
4411
6952
4946
8661
1917
6692
2496
7340
1992
3126
3906
8424
5252
2686
711
2742
3874
2933
9144
4352
4465
3087
7337
302
5727
7350
4327
3409
729
6548
5246
1371
1008
2155
2433
9359
5107
2519
4715
6308
6867
9322
903
3251
3082
5541
5936
7751
5617
2092
8246
1680
7701
7936
3236
5245
1783
9684
815
2041
1537
7066
5685
7982
7707
9050
9021
2284
2673
6542
3224
2869
7698
5906
2319
4479
1051
5755
7495
1624
8549
6812
9620
8232
5839
2061
3849
1620
2982
2928
405
1740
9563
64
5799
1401
6876
5612
4221
4416
2978
1112
3372
7012
7197
8489
4913
9963
5009
3847
2117
4896
344
2031
5420
1071
4670
9502
1710
3516
3713
5491
9810
3068
7136
9881
3159
4680
7855
434
8122
572
1125
4003
9693
6687
92
98
8152
3751
3970
8165
7858
7246
7731
7430
3360
5373
6989
7192
253
5566
3086
5770
7824
4819
2073
7966
165
141
5012
4166
76
964
9784
6436
4998
3330
8728
9656
5766
9889
1301
6567
4573
6956
3175
5438
1753
6271
4324
2222
6325
330
993
4368
7734
918
7444
6168
5437
6435
5057
9749
2350
1116
2522
6481
1045
2825
8426
2620
7087
9332
585
8971
4293
6463
6769
3305
1355
3460
6441
6145
959
6530
1900
213
4575
5780
2313
5002
3310
1368
2250
4190
8362
8365
3324
7487
7628
1210
9032
8254
2930
7962
2600
9189
1666
3760
3136
3993
4350
4302
8167
9259
2685
4072
3166
9103
4968
8250
5044
2171
5439
6091
9231
4436
1961
2179
5659
9637
2320
7881
3930
1551
4458
3591
1036
4964
9318
7593
5880
9673
8124
5283
3916
5424
8851
5501
6781
8905
7152
7990
3009
5873
1057
1731
6016
3422
3492
1503
8085
5893
9408
3232
4042
7321
5450
2024
6899
9597
8570
1530
2669
151
5023
3404
7238
7064
5003
738
6910
9809
2442
2102
1275
4562
3852
8305
1037
6962
9606
4159
1610
9269
3548
9977
2860
2157
5956
426
5930
9138
7266
5700
6367
410
2473
4962
9839
3316
1251
6451
7127
1592
3997
439
894
1781
5452
7755
3967
3481
1249
4184
2220
4443
6222
2823
829
644
5000
7171
9348
5949
1384
8256
5032
5532
7999
1128
5359
7672
565
928
1475
6476
7149
3715
5208
7954
2655
7393
8895
2119
550
2646
3344
1836
150
1326
1450
2885
6132
3764
552
2195
1150
5741
8107
